210.0 63.0
210.42130861157872 71.0
211.26392290370524 79.0
213.37045646151006 87.0
218.84744254171235 95.0
225.17186719909367 103.0
230.66815527188726 111.0
232.83259516988173 119.0
233.82962723401084 127.0
234.65628402438185 135.0
236.13922283054325 143.0
239.7613829212234 151.0
241.14492478734198 159.0
241.67339062149628 167.0
241.87524651043185 175.0
241.95234852713946 183.0
241.9817988052315 191.0
241.9930476577722 199.0
241.9973438508035 207.0
241.99898331051293 215.0
241.9996049960397 223.0
241.99982984667912 231.00000000006975
241.9998817780459 239.00000000107158
241.9998117245958 247.00000000844645
241.99954874371255 255.00000004588597
241.998829242372 263.00000019505535
241.99693351102107 271.00000069917786
241.99196606850032 279.0000022251982
241.97896014941338 287.0000065335222
241.94491082682984 295.00001821539485
241.85576991855544 303.00004923672066
241.62239762413293 311.0001308460247
241.01142257358921 319.00034477446053
239.41187036856928 327.00090494406777
235.22418916665882 335.0023713979393
232.26069788072138 343.0062103763106
227.55790516676478 351.0162606015457
224.41301816083822 359.04257204333805
219.68114968188888 367.11145591990123
216.63043109427682 375.2917959328504
212.2101436926775 383.7639319721198
210.0 393.0
